simulated time	num cells	num division	num death	wall time
0	433	433	0	-1.53603e+009
10	434	1	0	-1.53603e+009
20	434	0	0	-1.53603e+009
30	434	0	0	-1.53603e+009
40	434	0	0	-1.53603e+009
50	434	0	0	-1.53603e+009
60	434	0	0	-1.53603e+009
70	434	0	0	-1.53603e+009
80	434	0	0	-1.53603e+009
90	434	0	0	-1.53603e+009
100	434	0	0	-1.53603e+009
110	434	0	0	-1.53603e+009
120	434	0	0	-1.53603e+009
130	434	0	0	-1.53603e+009
140	434	0	0	-1.53603e+009
150	434	0	0	-1.53603e+009
160	434	0	0	-1.53603e+009
170	434	0	0	-1.53603e+009
180	434	0	0	-1.53603e+009
190	434	0	0	-1.53603e+009
200	434	0	0	-1.53603e+009
210	434	0	0	-1.53603e+009
220	435	1	0	-1.53603e+009
230	435	0	0	-1.53603e+009
240	435	0	0	-1.53603e+009
250	435	0	0	-1.53603e+009
260	435	0	0	-1.53603e+009
270	436	1	0	-1.53603e+009
280	436	0	0	-1.53603e+009
290	436	0	0	-1.53603e+009
300	436	0	0	-1.53603e+009
310	436	0	0	-1.53603e+009
320	436	0	0	-1.53603e+009
330	436	0	0	-1.53603e+009
340	436	0	0	-1.53603e+009
350	436	0	0	-1.53603e+009
360	436	0	0	-1.53603e+009
370	436	0	0	-1.53603e+009
380	436	0	0	-1.53603e+009
390	436	0	0	-1.53603e+009
400	436	0	0	-1.53603e+009
410	437	1	0	-1.53603e+009
420	437	0	0	-1.53603e+009
430	438	1	0	-1.53603e+009
440	438	0	0	-1.53603e+009
450	438	0	0	-1.53603e+009
460	438	0	0	-1.53603e+009
470	438	0	0	-1.53603e+009
480	438	0	0	-1.53603e+009
490	441	3	0	-1.53603e+009
500	441	0	0	-1.53603e+009
510	442	1	0	-1.53603e+009
520	442	0	0	-1.53603e+009
530	442	0	0	-1.53603e+009
540	442	0	0	-1.53603e+009
550	442	0	0	-1.53603e+009
560	442	1	1	-1.53603e+009
570	443	1	0	-1.53603e+009
580	444	1	0	-1.53603e+009
590	445	1	0	-1.53603e+009
600	445	0	0	-1.53603e+009
610	444	0	1	-1.53603e+009
620	443	0	1	-1.53603e+009
630	443	0	0	-1.53603e+009
640	444	1	0	-1.53603e+009
650	444	0	0	-1.53603e+009
660	444	0	0	-1.53603e+009
670	444	0	0	-1.53603e+009
680	443	1	2	-1.53603e+009
690	443	0	0	-1.53603e+009
700	443	0	0	-1.53603e+009
710	443	0	0	-1.53603e+009
720	445	2	0	-1.53603e+009
730	446	1	0	-1.53603e+009
740	446	0	0	-1.53603e+009
750	446	0	0	-1.53603e+009
760	446	0	0	-1.53603e+009
770	447	1	0	-1.53603e+009
780	446	0	1	-1.53603e+009
790	446	0	0	-1.53603e+009
800	446	0	0	-1.53603e+009
810	447	1	0	-1.53603e+009
820	447	0	0	-1.53603e+009
830	446	1	2	-1.53603e+009
840	446	0	0	-1.53603e+009
850	446	0	0	-1.53603e+009
860	446	0	0	-1.53603e+009
870	446	0	0	-1.53603e+009
880	446	0	0	-1.53603e+009
890	445	0	1	-1.53603e+009
900	445	0	0	-1.53603e+009
910	445	0	0	-1.53603e+009
920	445	0	0	-1.53603e+009
930	445	0	0	-1.53603e+009
940	445	0	0	-1.53603e+009
950	445	0	0	-1.53603e+009
960	445	0	0	-1.53603e+009
970	445	0	0	-1.53603e+009
980	446	1	0	-1.53603e+009
990	446	0	0	-1.53603e+009
1000	446	0	0	-1.53603e+009
1010	446	0	0	-1.53603e+009
1020	445	1	2	-1.53603e+009
1030	445	0	0	-1.53603e+009
1040	445	0	0	-1.53603e+009
1050	445	0	0	-1.53603e+009
1060	445	0	0	-1.53603e+009
1070	445	0	0	-1.53603e+009
1080	445	0	0	-1.53603e+009
1090	445	0	0	-1.53603e+009
1100	444	0	1	-1.53603e+009
1110	444	0	0	-1.53603e+009
1120	444	0	0	-1.53603e+009
1130	445	1	0	-1.53603e+009
1140	445	0	0	-1.53603e+009
1150	444	0	1	-1.53603e+009
1160	445	1	0	-1.53603e+009
1170	445	0	0	-1.53603e+009
1180	445	0	0	-1.53603e+009
1190	443	0	2	-1.53603e+009
1200	443	0	0	-1.53603e+009
1210	443	0	0	-1.53603e+009
1220	442	0	1	-1.53603e+009
1230	442	0	0	-1.53603e+009
1240	442	0	0	-1.53603e+009
1250	442	2	2	-1.53603e+009
1260	442	0	0	-1.53603e+009
1270	443	1	0	-1.53603e+009
1280	441	1	3	-1.53603e+009
1290	441	0	0	-1.53603e+009
1300	441	0	0	-1.53603e+009
1310	443	2	0	-1.53603e+009
1320	443	0	0	-1.53603e+009
1330	444	2	1	-1.53603e+009
1340	444	0	0	-1.53603e+009
1350	445	1	0	-1.53603e+009
1360	445	0	0	-1.53603e+009
1370	445	0	0	-1.53603e+009
1380	445	0	0	-1.53603e+009
1390	443	0	2	-1.53603e+009
1400	443	0	0	-1.53603e+009
1410	443	0	0	-1.53603e+009
1420	444	1	0	-1.53603e+009
1430	444	0	0	-1.53603e+009
1440	444	0	0	-1.53603e+009
1450	443	0	1	-1.53603e+009
1460	441	0	2	-1.53603e+009
1470	439	0	2	-1.53603e+009
1480	440	1	0	-1.53603e+009
1490	440	0	0	-1.53603e+009
1500	440	0	0	-1.53603e+009
1510	440	0	0	-1.53603e+009
1520	440	0	0	-1.53603e+009
1530	440	0	0	-1.53603e+009
1540	439	0	1	-1.53603e+009
1550	439	1	1	-1.53603e+009
1560	439	0	0	-1.53603e+009
1570	441	2	0	-1.53603e+009
1580	441	1	1	-1.53603e+009
1590	441	0	0	-1.53603e+009
1600	441	0	0	-1.53603e+009
1610	441	1	1	-1.53603e+009
1620	442	1	0	-1.53603e+009
1630	442	0	0	-1.53603e+009
1640	442	0	0	-1.53603e+009
1650	442	0	0	-1.53603e+009
1660	441	0	1	-1.53603e+009
1670	441	0	0	-1.53603e+009
1680	441	0	0	-1.53603e+009
1690	442	1	0	-1.53603e+009
1700	442	0	0	-1.53603e+009
1710	443	1	0	-1.53603e+009
1720	443	0	0	-1.53603e+009
1730	443	0	0	-1.53603e+009
1740	445	2	0	-1.53603e+009
1750	446	1	0	-1.53603e+009
1760	446	0	0	-1.53603e+009
1770	447	1	0	-1.53603e+009
1780	446	0	1	-1.53603e+009
1790	446	0	0	-1.53603e+009
1800	446	0	0	-1.53603e+009
1810	447	1	0	-1.53603e+009
1820	449	3	1	-1.53603e+009
1830	449	0	0	-1.53603e+009
1840	449	0	0	-1.53603e+009
1850	449	1	1	-1.53603e+009
1860	449	0	0	-1.53603e+009
1870	450	2	1	-1.53603e+009
1880	451	1	0	-1.53603e+009
1890	452	1	0	-1.53603e+009
1900	455	3	0	-1.53603e+009
1910	454	0	1	-1.53603e+009
1920	454	0	0	-1.53603e+009
1930	454	0	0	-1.53603e+009
1940	454	1	1	-1.53603e+009
1950	454	0	0	-1.53603e+009
1960	454	0	0	-1.53603e+009
1970	455	1	0	-1.53603e+009
1980	455	0	0	-1.53603e+009
1990	454	0	1	-1.53603e+009
2000	454	0	0	-1.53603e+009
2010	454	0	0	-1.53603e+009
2020	455	1	0	-1.53603e+009
2030	456	1	0	-1.53603e+009
2040	456	0	0	-1.53603e+009
2050	457	1	0	-1.53603e+009
2060	457	0	0	-1.53603e+009
2070	457	0	0	-1.53603e+009
2080	456	1	2	-1.53603e+009
2090	456	0	0	-1.53603e+009
2100	456	0	0	-1.53603e+009
2110	456	0	0	-1.53603e+009
2120	456	0	0	-1.53603e+009
2130	457	1	0	-1.53603e+009
2140	458	1	0	-1.53603e+009
2150	458	0	0	-1.53603e+009
2160	458	0	0	-1.53603e+009
2170	458	0	0	-1.53603e+009
2180	458	0	0	-1.53603e+009
2190	458	0	0	-1.53603e+009
2200	458	0	0	-1.53603e+009
2210	458	0	0	-1.53603e+009
2220	458	0	0	-1.53603e+009
2230	458	0	0	-1.53603e+009
2240	458	0	0	-1.53603e+009
2250	456	0	2	-1.53603e+009
2260	456	0	0	-1.53603e+009
2270	456	0	0	-1.53603e+009
2280	456	0	0	-1.53603e+009
2290	456	0	0	-1.53603e+009
2300	458	2	0	-1.53603e+009
2310	458	0	0	-1.53603e+009
2320	459	1	0	-1.53603e+009
2330	459	0	0	-1.53603e+009
2340	459	0	0	-1.53603e+009
2350	459	0	0	-1.53603e+009
2360	460	1	0	-1.53603e+009
2370	460	0	0	-1.53603e+009
2380	460	0	0	-1.53603e+009
2390	460	0	0	-1.53603e+009
2400	461	1	0	-1.53603e+009
2410	462	1	0	-1.53603e+009
2420	462	0	0	-1.53603e+009
2430	463	1	0	-1.53603e+009
2440	463	0	0	-1.53603e+009
2450	463	0	0	-1.53603e+009
2460	462	0	1	-1.53603e+009
2470	462	1	1	-1.53603e+009
2480	463	1	0	-1.53603e+009
2490	464	1	0	-1.53603e+009
2500	464	0	0	-1.53603e+009
2510	464	0	0	-1.53603e+009
2520	464	0	0	-1.53603e+009
2530	464	0	0	-1.53603e+009
2540	464	0	0	-1.53603e+009
2550	466	2	0	-1.53603e+009
2560	468	2	0	-1.53603e+009
2570	468	0	0	-1.53603e+009
2580	469	1	0	-1.53603e+009
2590	469	0	0	-1.53603e+009
2600	469	1	1	-1.53603e+009
2610	470	1	0	-1.53603e+009
2620	470	0	0	-1.53603e+009
2630	471	1	0	-1.53603e+009
2640	471	0	0	-1.53603e+009
2650	472	1	0	-1.53603e+009
2660	474	2	0	-1.53603e+009
2670	474	0	0	-1.53603e+009
2680	474	0	0	-1.53603e+009
2690	476	2	0	-1.53603e+009
2700	476	0	0	-1.53603e+009
2710	476	0	0	-1.53603e+009
2720	476	0	0	-1.53603e+009
2730	476	0	0	-1.53603e+009
2740	476	0	0	-1.53603e+009
2750	477	1	0	-1.53603e+009
2760	478	1	0	-1.53603e+009
2770	480	2	0	-1.53603e+009
2780	480	0	0	-1.53603e+009
2790	480	0	0	-1.53603e+009
2800	478	0	2	-1.53603e+009
2810	478	0	0	-1.53603e+009
2820	478	0	0	-1.53603e+009
2830	480	2	0	-1.53603e+009
2840	480	0	0	-1.53603e+009
2850	481	1	0	-1.53603e+009
2860	482	1	0	-1.53603e+009
2870	483	1	0	-1.53603e+009
2880	484	1	0	-1.53603e+009
2890	484	0	0	-1.53603e+009
2900	487	3	0	-1.53603e+009
2910	487	0	0	-1.53603e+009
2920	488	1	0	-1.53603e+009
2930	489	1	0	-1.53603e+009
2940	490	1	0	-1.53603e+009
2950	490	0	0	-1.53603e+009
2960	492	2	0	-1.53603e+009
2970	493	1	0	-1.53603e+009
2980	493	0	0	-1.53603e+009
2990	493	0	0	-1.53603e+009
3000	493	0	0	-1.53603e+009
3010	491	0	2	-1.53603e+009
3020	492	1	0	-1.53603e+009
3030	494	2	0	-1.53603e+009
3040	494	0	0	-1.53603e+009
3050	494	0	0	-1.53603e+009
3060	494	0	0	-1.53603e+009
3070	495	1	0	-1.53603e+009
3080	495	0	0	-1.53603e+009
3090	495	0	0	-1.53603e+009
3100	498	3	0	-1.53603e+009
3110	498	0	0	-1.53603e+009
3120	498	0	0	-1.53603e+009
3130	498	0	0	-1.53603e+009
3140	498	0	0	-1.53603e+009
3150	498	0	0	-1.53603e+009
3160	500	2	0	-1.53603e+009
3170	500	0	0	-1.53603e+009
3180	500	0	0	-1.53603e+009
3190	500	1	1	-1.53603e+009
3200	500	0	0	-1.53603e+009
3210	500	0	0	-1.53603e+009
3220	500	0	0	-1.53603e+009
3230	500	0	0	-1.53603e+009
3240	503	3	0	-1.53603e+009
3250	506	3	0	-1.53603e+009
3260	505	1	2	-1.53603e+009
3270	506	1	0	-1.53603e+009
3280	506	0	0	-1.53603e+009
3290	506	0	0	-1.53603e+009
3300	506	0	0	-1.53603e+009
3310	507	1	0	-1.53603e+009
3320	507	0	0	-1.53603e+009
3330	507	0	0	-1.53603e+009
3340	506	0	1	-1.53603e+009
3350	507	1	0	-1.53603e+009
3360	507	0	0	-1.53603e+009
3370	508	1	0	-1.53603e+009
3380	508	0	0	-1.53603e+009
3390	508	0	0	-1.53603e+009
3400	508	0	0	-1.53603e+009
3410	508	0	0	-1.53603e+009
3420	508	0	0	-1.53603e+009
3430	508	0	0	-1.53603e+009
3440	509	1	0	-1.53603e+009
3450	509	0	0	-1.53603e+009
3460	511	2	0	-1.53603e+009
3470	513	2	0	-1.53603e+009
3480	513	0	0	-1.53603e+009
3490	514	2	1	-1.53603e+009
3500	516	2	0	-1.53603e+009
3510	517	3	2	-1.53603e+009
3520	517	0	0	-1.53603e+009
3530	517	0	0	-1.53603e+009
3540	516	0	1	-1.53603e+009
3550	517	1	0	-1.53603e+009
3560	518	1	0	-1.53603e+009
3570	518	0	0	-1.53603e+009
3580	518	0	0	-1.53603e+009
3590	520	2	0	-1.53603e+009
3600	520	0	0	-1.53603e+009
3610	521	1	0	-1.53603e+009
3620	522	1	0	-1.53603e+009
3630	522	0	0	-1.53603e+009
3640	521	0	1	-1.53603e+009
3650	521	0	0	-1.53603e+009
3660	521	0	0	-1.53603e+009
3670	524	3	0	-1.53603e+009
3680	524	0	0	-1.53603e+009
3690	524	0	0	-1.53603e+009
3700	527	3	0	-1.53603e+009
3710	529	2	0	-1.53603e+009
3720	531	2	0	-1.53603e+009
3730	532	1	0	-1.53603e+009
3740	533	1	0	-1.53603e+009
3750	533	0	0	-1.53603e+009
3760	532	0	1	-1.53603e+009
3770	532	1	1	-1.53603e+009
3780	532	0	0	-1.53603e+009
3790	532	0	0	-1.53603e+009
3800	532	0	0	-1.53603e+009
3810	532	0	0	-1.53603e+009
3820	532	1	1	-1.53603e+009
3830	532	0	0	-1.53603e+009
3840	532	0	0	-1.53603e+009
3850	532	0	0	-1.53603e+009
3860	534	2	0	-1.53603e+009
3870	536	2	0	-1.53603e+009
3880	537	1	0	-1.53603e+009
3890	537	0	0	-1.53603e+009
3900	537	0	0	-1.53603e+009
3910	538	1	0	-1.53603e+009
3920	539	1	0	-1.53603e+009
3930	540	1	0	-1.53603e+009
3940	540	0	0	-1.53603e+009
3950	542	2	0	-1.53603e+009
3960	543	1	0	-1.53603e+009
3970	545	2	0	-1.53603e+009
3980	546	1	0	-1.53603e+009
3990	546	0	0	-1.53603e+009
4000	547	1	0	-1.53603e+009
4010	548	2	1	-1.53603e+009
4020	547	0	1	-1.53603e+009
4030	547	0	0	-1.53603e+009
4040	549	2	0	-1.53603e+009
4050	551	2	0	-1.53603e+009
4060	551	0	0	-1.53603e+009
4070	551	0	0	-1.53603e+009
4080	551	0	0	-1.53603e+009
4090	551	0	0	-1.53603e+009
4100	552	2	1	-1.53603e+009
4110	554	2	0	-1.53603e+009
4120	556	2	0	-1.53603e+009
4130	554	0	2	-1.53603e+009
4140	555	1	0	-1.53603e+009
4150	554	0	1	-1.53603e+009
4160	554	0	0	-1.53603e+009
4170	554	0	0	-1.53603e+009
4180	555	1	0	-1.53603e+009
4190	555	0	0	-1.53603e+009
4200	555	0	0	-1.53603e+009
4210	555	0	0	-1.53603e+009
4220	555	0	0	-1.53603e+009
4230	556	1	0	-1.53603e+009
4240	559	3	0	-1.53603e+009
4250	563	4	0	-1.53603e+009
4260	563	0	0	-1.53603e+009
4270	566	3	0	-1.53603e+009
4280	566	0	0	-1.53603e+009
4290	566	0	0	-1.53603e+009
4300	566	0	0	-1.53603e+009
4310	565	0	1	-1.53603e+009
4320	565	0	0	-1.53603e+009
4330	568	3	0	-1.53603e+009
4340	568	0	0	-1.53603e+009
4350	568	0	0	-1.53603e+009
4360	568	0	0	-1.53603e+009
4370	568	1	1	-1.53603e+009
4380	568	0	0	-1.53603e+009
4390	570	2	0	-1.53603e+009
4400	570	0	0	-1.53603e+009
4410	571	2	1	-1.53603e+009
4420	571	0	0	-1.53603e+009
4430	573	2	0	-1.53603e+009
4440	574	1	0	-1.53603e+009
4450	573	0	1	-1.53603e+009
4460	572	0	1	-1.53603e+009
4470	572	0	0	-1.53603e+009
4480	572	0	0	-1.53603e+009
4490	571	0	1	-1.53603e+009
4500	572	1	0	-1.53603e+009
4510	573	1	0	-1.53603e+009
4520	573	0	0	-1.53603e+009
4530	573	0	0	-1.53603e+009
4540	574	1	0	-1.53603e+009
4550	574	0	0	-1.53603e+009
4560	575	1	0	-1.53603e+009
4570	576	1	0	-1.53603e+009
4580	577	1	0	-1.53603e+009
4590	577	0	0	-1.53603e+009
4600	577	1	1	-1.53603e+009
4610	578	2	1	-1.53603e+009
4620	578	0	0	-1.53603e+009
4630	578	0	0	-1.53603e+009
4640	579	1	0	-1.53603e+009
4650	582	3	0	-1.53603e+009
4660	582	1	1	-1.53603e+009
4670	583	1	0	-1.53603e+009
4680	583	0	0	-1.53603e+009
4690	584	1	0	-1.53603e+009
4700	584	1	1	-1.53603e+009
4710	583	0	1	-1.53603e+009
4720	586	3	0	-1.53603e+009
4730	583	1	4	-1.53603e+009
4740	583	0	0	-1.53603e+009
4750	582	0	1	-1.53603e+009
4760	582	0	0	-1.53603e+009
4770	582	0	0	-1.53603e+009
4780	582	0	0	-1.53603e+009
4790	583	1	0	-1.53603e+009
4800	582	0	1	-1.53603e+009
4810	581	0	1	-1.53603e+009
4820	581	0	0	-1.53603e+009
4830	582	1	0	-1.53603e+009
4840	585	3	0	-1.53603e+009
4850	586	2	1	-1.53603e+009
4860	586	0	0	-1.53603e+009
4870	586	0	0	-1.53603e+009
4880	586	2	2	-1.53603e+009
4890	587	1	0	-1.53603e+009
4900	586	1	2	-1.53603e+009
4910	587	2	1	-1.53603e+009
4920	586	1	2	-1.53603e+009
4930	586	1	1	-1.53603e+009
4940	585	0	1	-1.53603e+009
4950	584	0	1	-1.53603e+009
4960	583	0	1	-1.53603e+009
4970	582	0	1	-1.53603e+009
4980	583	1	0	-1.53603e+009
4990	583	0	0	-1.53603e+009
5000	583	0	0	-1.53603e+009
5010	583	0	0	-1.53603e+009
5020	583	0	0	-1.53603e+009
5030	584	2	1	-1.53603e+009
5040	584	0	0	-1.53603e+009
5050	584	0	0	-1.53603e+009
5060	584	0	0	-1.53603e+009
5070	583	0	1	-1.53603e+009
5080	584	2	1	-1.53603e+009
5090	583	0	1	-1.53603e+009
5100	582	1	2	-1.53603e+009
5110	583	1	0	-1.53603e+009
5120	583	0	0	-1.53603e+009
5130	583	0	0	-1.53603e+009
5140	584	1	0	-1.53603e+009
5150	584	1	1	-1.53603e+009
5160	584	0	0	-1.53603e+009
5170	581	0	3	-1.53603e+009
5180	583	2	0	-1.53603e+009
5190	583	0	0	-1.53603e+009
5200	585	2	0	-1.53603e+009
5210	584	1	2	-1.53603e+009
5220	584	0	0	-1.53603e+009
5230	585	2	1	-1.53603e+009
5240	585	0	0	-1.53603e+009
5250	586	1	0	-1.53603e+009
5260	585	1	2	-1.53603e+009
5270	586	1	0	-1.53603e+009
5280	586	0	0	-1.53603e+009
5290	588	2	0	-1.53603e+009
5300	590	2	0	-1.53603e+009
5310	590	0	0	-1.53603e+009
5320	591	1	0	-1.53603e+009
5330	592	1	0	-1.53603e+009
5340	592	0	0	-1.53603e+009
5350	591	1	2	-1.53603e+009
5360	592	1	0	-1.53603e+009
5370	592	0	0	-1.53603e+009
5380	592	0	0	-1.53603e+009
5390	594	2	0	-1.53603e+009
5400	594	0	0	-1.53603e+009
5410	595	1	0	-1.53603e+009
5420	597	2	0	-1.53603e+009
5430	597	0	0	-1.53603e+009
5440	597	0	0	-1.53603e+009
5450	598	1	0	-1.53603e+009
5460	597	0	1	-1.53603e+009
5470	596	0	1	-1.53603e+009
5480	594	0	2	-1.53603e+009
5490	595	1	0	-1.53603e+009
5500	598	3	0	-1.53603e+009
5510	599	1	0	-1.53603e+009
5520	599	0	0	-1.53603e+009
5530	599	0	0	-1.53603e+009
5540	599	0	0	-1.53603e+009
5550	600	1	0	-1.53603e+009
5560	600	0	0	-1.53603e+009
5570	601	1	0	-1.53603e+009
5580	602	1	0	-1.53603e+009
5590	603	1	0	-1.53603e+009
5600	603	0	0	-1.53603e+009
5610	605	2	0	-1.53603e+009
5620	607	2	0	-1.53603e+009
5630	609	2	0	-1.53603e+009
5640	608	0	1	-1.53603e+009
5650	611	3	0	-1.53603e+009
5660	611	0	0	-1.53603e+009
5670	612	1	0	-1.53603e+009
5680	612	2	2	-1.53603e+009
5690	612	0	0	-1.53603e+009
5700	613	1	0	-1.53603e+009
5710	612	0	1	-1.53603e+009
5720	612	0	0	-1.53603e+009
5730	613	1	0	-1.53603e+009
5740	612	0	1	-1.53603e+009
5750	612	2	2	-1.53603e+009
5760	612	0	0	-1.53603e+009
5770	611	0	1	-1.53603e+009
5780	612	1	0	-1.53603e+009
5790	612	0	0	-1.53603e+009
5800	615	3	0	-1.53603e+009
5810	617	3	1	-1.53603e+009
5820	617	0	0	-1.53603e+009
5830	619	2	0	-1.53603e+009
5840	618	0	1	-1.53603e+009
5850	618	0	0	-1.53603e+009
5860	618	1	1	-1.53603e+009
5870	619	2	1	-1.53603e+009
5880	620	1	0	-1.53603e+009
5890	620	0	0	-1.53603e+009
5900	620	1	1	-1.53603e+009
5910	620	0	0	-1.53603e+009
5920	624	4	0	-1.53603e+009
5930	624	0	0	-1.53603e+009
5940	625	1	0	-1.53603e+009
5950	625	0	0	-1.53603e+009
5960	627	4	2	-1.53603e+009
5970	627	0	0	-1.53603e+009
5980	627	0	0	-1.53603e+009
5990	628	2	1	-1.53603e+009
6000	629	1	0	-1.53603e+009
6010	629	1	1	-1.53603e+009
6020	631	2	0	-1.53603e+009
6030	631	0	0	-1.53603e+009
6040	632	1	0	-1.53603e+009
6050	632	1	1	-1.53603e+009
6060	632	0	0	-1.53603e+009
6070	634	2	0	-1.53603e+009
6080	634	0	0	-1.53603e+009
6090	633	0	1	-1.53603e+009
6100	635	2	0	-1.53603e+009
6110	639	4	0	-1.53603e+009
6120	639	0	0	-1.53603e+009
6130	639	0	0	-1.53603e+009
6140	639	0	0	-1.53603e+009
6150	640	1	0	-1.53603e+009
6160	640	1	1	-1.53603e+009
6170	641	1	0	-1.53603e+009
6180	641	0	0	-1.53603e+009
6190	640	0	1	-1.53603e+009
6200	640	1	1	-1.53603e+009
6210	640	0	0	-1.53603e+009
6220	639	0	1	-1.53603e+009
6230	640	1	0	-1.53603e+009
6240	640	0	0	-1.53603e+009
6250	640	0	0	-1.53603e+009
6260	641	2	1	-1.53603e+009
6270	641	0	0	-1.53603e+009
6280	641	0	0	-1.53603e+009
6290	642	1	0	-1.53603e+009
6300	643	1	0	-1.53603e+009
6310	643	1	1	-1.53603e+009
6320	646	3	0	-1.53603e+009
6330	648	2	0	-1.53603e+009
6340	648	0	0	-1.53603e+009
6350	649	1	0	-1.53603e+009
6360	649	0	0	-1.53603e+009
6370	655	6	0	-1.53603e+009
6380	655	0	0	-1.53603e+009
6390	655	0	0	-1.53603e+009
6400	656	1	0	-1.53603e+009
6410	658	2	0	-1.53603e+009
6420	658	0	0	-1.53603e+009
6430	660	3	1	-1.53603e+009
6440	659	1	2	-1.53603e+009
6450	659	0	0	-1.53603e+009
6460	661	2	0	-1.53603e+009
6470	661	1	1	-1.53603e+009
6480	660	0	1	-1.53603e+009
6490	660	0	0	-1.53603e+009
6500	663	3	0	-1.53603e+009
6510	663	0	0	-1.53603e+009
6520	664	1	0	-1.53603e+009
6530	664	0	0	-1.53603e+009
6540	668	4	0	-1.53603e+009
6550	667	0	1	-1.53603e+009
6560	668	1	0	-1.53603e+009
6570	669	1	0	-1.53603e+009
6580	670	1	0	-1.53603e+009
6590	669	0	1	-1.53603e+009
6600	669	0	0	-1.53603e+009
6610	672	3	0	-1.53603e+009
6620	672	0	0	-1.53603e+009
6630	672	0	0	-1.53603e+009
6640	671	0	1	-1.53603e+009
6650	672	1	0	-1.53603e+009
6660	672	0	0	-1.53603e+009
6670	672	0	0	-1.53603e+009
6680	674	2	0	-1.53603e+009
6690	674	0	0	-1.53603e+009
6700	676	2	0	-1.53603e+009
6710	675	1	2	-1.53603e+009
6720	675	0	0	-1.53603e+009
6730	676	3	2	-1.53603e+009
6740	675	0	1	-1.53603e+009
6750	675	0	0	-1.53603e+009
6760	675	0	0	-1.53603e+009
6770	675	0	0	-1.53603e+009
6780	677	2	0	-1.53603e+009
6790	686	9	0	-1.53603e+009
6800	686	0	0	-1.53603e+009
6810	686	0	0	-1.53603e+009
6820	687	1	0	-1.53603e+009
6830	688	1	0	-1.53603e+009
6840	688	1	1	-1.53603e+009
6850	687	0	1	-1.53603e+009
6860	687	0	0	-1.53603e+009
6870	688	2	1	-1.53603e+009
6880	688	1	1	-1.53603e+009
6890	690	3	1	-1.53603e+009
6900	690	1	1	-1.53603e+009
6910	690	0	0	-1.53603e+009
6920	690	0	0	-1.53603e+009
6930	691	1	0	-1.53603e+009
6940	693	2	0	-1.53603e+009
6950	693	0	0	-1.53603e+009
6960	693	0	0	-1.53603e+009
6970	693	0	0	-1.53603e+009
6980	697	4	0	-1.53603e+009
6990	697	0	0	-1.53603e+009
7000	696	0	1	-1.53603e+009
7010	697	2	1	-1.53603e+009
7020	697	0	0	-1.53603e+009
7030	697	1	1	-1.53603e+009
7040	697	0	0	-1.53603e+009
7050	697	0	0	-1.53603e+009
7060	700	3	0	-1.53603e+009
7070	698	0	2	-1.53603e+009
7080	701	3	0	-1.53603e+009
7090	702	1	0	-1.53603e+009
7100	702	0	0	-1.53603e+009
7110	702	0	0	-1.53603e+009
7120	701	1	2	-1.53603e+009
7130	701	0	0	-1.53603e+009
7140	701	0	0	-1.53603e+009
7150	702	1	0	-1.53603e+009
7160	704	2	0	-1.53603e+009
7170	704	0	0	-1.53603e+009
7180	705	2	1	-1.53603e+009
7190	708	3	0	-1.53603e+009
7200	708	0	0	-1.53603e+009
7210	709	1	0	-1.53603e+009
7220	708	0	1	-1.53603e+009
7230	709	1	0	-1.53603e+009
7240	710	1	0	-1.53603e+009
7250	710	0	0	-1.53603e+009
7260	710	0	0	-1.53603e+009
7270	709	0	1	-1.53603e+009
7280	710	1	0	-1.53603e+009
7290	713	3	0	-1.53603e+009
7300	715	3	1	-1.53603e+009
7310	716	1	0	-1.53603e+009
7320	718	2	0	-1.53603e+009
7330	719	2	1	-1.53603e+009
7340	725	6	0	-1.53603e+009
7350	722	0	3	-1.53603e+009
7360	724	2	0	-1.53603e+009
7370	724	0	0	-1.53603e+009
7380	725	1	0	-1.53603e+009
7390	725	2	2	-1.53603e+009
7400	725	0	0	-1.53603e+009
7410	725	0	0	-1.53603e+009
7420	727	2	0	-1.53603e+009
7430	726	0	1	-1.53603e+009
7440	728	2	0	-1.53603e+009
7450	727	0	1	-1.53603e+009
7460	727	0	0	-1.53603e+009
7470	728	1	0	-1.53603e+009
7480	730	2	0	-1.53603e+009
7490	731	1	0	-1.53603e+009
7500	731	0	0	-1.53603e+009
7510	732	1	0	-1.53603e+009
7520	731	1	2	-1.53603e+009
7530	731	0	0	-1.53603e+009
7540	730	0	1	-1.53603e+009
7550	731	1	0	-1.53603e+009
7560	731	0	0	-1.53603e+009
7570	731	0	0	-1.53603e+009
7580	735	4	0	-1.53603e+009
7590	735	1	1	-1.53603e+009
7600	737	2	0	-1.53603e+009
7610	738	1	0	-1.53603e+009
7620	738	0	0	-1.53603e+009
7630	741	3	0	-1.53603e+009
7640	741	2	2	-1.53603e+009
7650	743	2	0	-1.53603e+009
7660	746	4	1	-1.53603e+009
7670	746	1	1	-1.53603e+009
7680	747	1	0	-1.53603e+009
7690	744	0	3	-1.53603e+009
7700	746	4	2	-1.53603e+009
7710	746	0	0	-1.53603e+009
7720	751	5	0	-1.53603e+009
7730	751	1	1	-1.53603e+009
7740	751	0	0	-1.53603e+009
7750	751	0	0	-1.53603e+009
7760	751	0	0	-1.53603e+009
7770	751	0	0	-1.53603e+009
7780	752	3	2	-1.53603e+009
7790	753	1	0	-1.53603e+009
7800	753	1	1	-1.53603e+009
7810	753	2	2	-1.53603e+009
7820	756	3	0	-1.53603e+009
7830	756	0	0	-1.53603e+009
7840	756	0	0	-1.53603e+009
7850	758	2	0	-1.53603e+009
7860	760	2	0	-1.53603e+009
7870	761	1	0	-1.53603e+009
7880	760	1	2	-1.53603e+009
7890	760	0	0	-1.53603e+009
7900	761	1	0	-1.53603e+009
7910	762	1	0	-1.53603e+009
7920	762	0	0	-1.53603e+009
7930	764	2	0	-1.53603e+009
7940	766	2	0	-1.53603e+009
7950	763	0	3	-1.53603e+009
7960	762	0	1	-1.53603e+009
7970	762	0	0	-1.53603e+009
7980	763	1	0	-1.53603e+009
7990	764	1	0	-1.53603e+009
8000	764	1	1	-1.53603e+009
8010	766	2	0	-1.53603e+009
8020	771	5	0	-1.53603e+009
8030	770	0	1	-1.53603e+009
8040	770	0	0	-1.53603e+009
8050	773	3	0	-1.53603e+009
8060	775	2	0	-1.53603e+009
8070	775	0	0	-1.53603e+009
8080	773	0	2	-1.53603e+009
8090	773	1	1	-1.53603e+009
8100	773	0	0	-1.53603e+009
8110	774	2	1	-1.53603e+009
8120	774	0	0	-1.53603e+009
8130	776	2	0	-1.53603e+009
8140	779	4	1	-1.53603e+009
8150	778	0	1	-1.53603e+009
8160	778	0	0	-1.53603e+009
8170	777	0	1	-1.53603e+009
8180	779	2	0	-1.53603e+009
8190	779	0	0	-1.53603e+009
8200	780	1	0	-1.53603e+009
8210	780	0	0	-1.53603e+009
8220	780	0	0	-1.53603e+009
8230	782	2	0	-1.53603e+009
8240	784	2	0	-1.53603e+009
8250	784	0	0	-1.53603e+009
8260	786	4	2	-1.53603e+009
8270	785	0	1	-1.53603e+009
8280	785	1	1	-1.53603e+009
8290	785	1	1	-1.53603e+009
8300	786	2	1	-1.53603e+009
8310	786	0	0	-1.53603e+009
8320	786	2	2	-1.53603e+009
8330	789	3	0	-1.53603e+009
8340	789	0	0	-1.53603e+009
8350	787	0	2	-1.53603e+009
8360	786	0	1	-1.53603e+009
8370	786	0	0	-1.53603e+009
8380	789	3	0	-1.53603e+009
8390	790	1	0	-1.53603e+009
8400	790	0	0	-1.53603e+009
8410	790	0	0	-1.53603e+009
8420	791	1	0	-1.53603e+009
8430	793	2	0	-1.53603e+009
8440	795	2	0	-1.53603e+009
8450	795	0	0	-1.53603e+009
8460	795	0	0	-1.53603e+009
8470	794	0	1	-1.53603e+009
8480	795	1	0	-1.53603e+009
8490	797	2	0	-1.53603e+009
8500	802	6	1	-1.53603e+009
8510	802	0	0	-1.53603e+009
8520	802	0	0	-1.53603e+009
8530	805	3	0	-1.53603e+009
8540	807	3	1	-1.53603e+009
8550	808	1	0	-1.53603e+009
8560	807	0	1	-1.53603e+009
8570	807	2	2	-1.53603e+009
8580	807	0	0	-1.53603e+009
8590	808	1	0	-1.53603e+009
8600	808	0	0	-1.53603e+009
8610	808	0	0	-1.53603e+009
8620	808	0	0	-1.53603e+009
8630	808	0	0	-1.53603e+009
8640	809	1	0	-1.53603e+009
8650	809	0	0	-1.53603e+009
8660	810	1	0	-1.53603e+009
8670	812	2	0	-1.53603e+009
8680	812	0	0	-1.53603e+009
8690	812	1	1	-1.53603e+009
8700	813	1	0	-1.53603e+009
8710	812	0	1	-1.53603e+009
8720	813	1	0	-1.53603e+009
8730	814	1	0	-1.53603e+009
8740	816	2	0	-1.53603e+009
8750	818	2	0	-1.53603e+009
8760	819	1	0	-1.53603e+009
8770	823	7	3	-1.53603e+009
8780	823	0	0	-1.53603e+009
8790	823	1	1	-1.53603e+009
8800	823	2	2	-1.53603e+009
8810	824	1	0	-1.53603e+009
8820	827	3	0	-1.53603e+009
8830	827	0	0	-1.53603e+009
8840	827	0	0	-1.53603e+009
8850	829	2	0	-1.53603e+009
8860	830	1	0	-1.53603e+009
8870	832	2	0	-1.53603e+009
8880	830	0	2	-1.53603e+009
8890	831	1	0	-1.53603e+009
8900	834	3	0	-1.53603e+009
8910	834	0	0	-1.53603e+009
8920	834	1	1	-1.53603e+009
8930	838	4	0	-1.53603e+009
8940	839	1	0	-1.53603e+009
8950	840	1	0	-1.53603e+009
8960	842	2	0	-1.53603e+009
8970	844	2	0	-1.53603e+009
8980	845	1	0	-1.53603e+009
8990	845	0	0	-1.53603e+009
9000	845	0	0	-1.53603e+009
9010	845	0	0	-1.53603e+009
9020	846	1	0	-1.53603e+009
9030	846	0	0	-1.53603e+009
9040	848	2	0	-1.53603e+009
9050	850	3	1	-1.53603e+009
9060	851	1	0	-1.53603e+009
9070	853	2	0	-1.53603e+009
9080	852	0	1	-1.53603e+009
9090	852	0	0	-1.53603e+009
9100	852	1	1	-1.53603e+009
9110	854	2	0	-1.53603e+009
9120	855	1	0	-1.53603e+009
9130	857	2	0	-1.53603e+009
9140	857	2	2	-1.53603e+009
9150	858	1	0	-1.53603e+009
9160	864	6	0	-1.53603e+009
9170	863	0	1	-1.53603e+009
9180	864	1	0	-1.53603e+009
9190	864	0	0	-1.53603e+009
9200	863	0	1	-1.53603e+009
9210	863	0	0	-1.53603e+009
9220	861	1	3	-1.53603e+009
9230	861	0	0	-1.53603e+009
9240	861	0	0	-1.53603e+009
9250	865	4	0	-1.53603e+009
9260	866	2	1	-1.53603e+009
9270	866	0	0	-1.53603e+009
9280	867	2	1	-1.53603e+009
9290	869	2	0	-1.53603e+009
9300	870	1	0	-1.53603e+009
9310	873	3	0	-1.53603e+009
9320	875	2	0	-1.53603e+009
9330	875	0	0	-1.53603e+009
9340	875	0	0	-1.53603e+009
9350	875	1	1	-1.53603e+009
9360	878	3	0	-1.53603e+009
9370	881	3	0	-1.53603e+009
9380	885	4	0	-1.53603e+009
9390	887	2	0	-1.53603e+009
9400	888	1	0	-1.53603e+009
9410	892	4	0	-1.53603e+009
9420	892	1	1	-1.53603e+009
9430	892	0	0	-1.53603e+009
9440	896	4	0	-1.53603e+009
9450	897	2	1	-1.53603e+009
9460	897	0	0	-1.53603e+009
9470	898	3	2	-1.53603e+009
9480	899	1	0	-1.53603e+009
9490	901	2	0	-1.53603e+009
9500	902	2	1	-1.53603e+009
9510	902	0	0	-1.53603e+009
9520	903	3	2	-1.53603e+009
9530	904	1	0	-1.53603e+009
9540	905	1	0	-1.53603e+009
9550	905	0	0	-1.53603e+009
9560	906	2	1	-1.53603e+009
9570	907	1	0	-1.53603e+009
9580	905	0	2	-1.53603e+009
9590	907	2	0	-1.53603e+009
9600	907	0	0	-1.53603e+009
9610	909	2	0	-1.53603e+009
9620	911	2	0	-1.53603e+009
9630	912	1	0	-1.53603e+009
9640	912	0	0	-1.53603e+009
9650	912	0	0	-1.53603e+009
9660	912	0	0	-1.53603e+009
9670	914	2	0	-1.53603e+009
9680	919	6	1	-1.53603e+009
9690	919	0	0	-1.53603e+009
9700	919	0	0	-1.53603e+009
9710	919	0	0	-1.53603e+009
9720	921	2	0	-1.53603e+009
9730	924	3	0	-1.53603e+009
9740	927	4	1	-1.53603e+009
9750	927	1	1	-1.53603e+009
9760	929	2	0	-1.53603e+009
9770	931	2	0	-1.53603e+009
9780	931	0	0	-1.53603e+009
9790	931	0	0	-1.53603e+009
9800	935	4	0	-1.53603e+009
9810	935	0	0	-1.53603e+009
9820	932	1	4	-1.53603e+009
9830	932	1	1	-1.53603e+009
9840	934	2	0	-1.53603e+009
9850	935	1	0	-1.53603e+009
9860	934	0	1	-1.53603e+009
9870	932	0	2	-1.53603e+009
9880	934	2	0	-1.53603e+009
9890	936	2	0	-1.53603e+009
9900	937	1	0	-1.53603e+009
9910	940	3	0	-1.53603e+009
9920	940	0	0	-1.53603e+009
9930	940	0	0	-1.53603e+009
9940	940	1	1	-1.53603e+009
9950	942	2	0	-1.53603e+009
9960	941	0	1	-1.53603e+009
9970	941	3	3	-1.53603e+009
9980	943	2	0	-1.53603e+009
9990	946	3	0	-1.53603e+009
10000	946	0	0	-1.53603e+009
10010	944	0	2	-1.53603e+009
10020	945	1	0	-1.53603e+009
10030	948	3	0	-1.53603e+009
10040	947	1	2	-1.53603e+009
10050	949	2	0	-1.53603e+009
10060	949	0	0	-1.53603e+009
10070	950	1	0	-1.53603e+009
10080	952	2	0	-1.53603e+009
10090	953	2	1	-1.53603e+009
10100	952	0	1	-1.53603e+009
10110	951	0	1	-1.53603e+009
10120	952	1	0	-1.53603e+009
10130	951	0	1	-1.53603e+009
10140	954	3	0	-1.53603e+009
10150	954	0	0	-1.53603e+009
10160	959	5	0	-1.53603e+009
10170	959	2	2	-1.53603e+009
10180	959	0	0	-1.53603e+009
10190	962	3	0	-1.53603e+009
10200	963	1	0	-1.53603e+009
10210	964	1	0	-1.53603e+009
10220	969	5	0	-1.53603e+009
10230	970	1	0	-1.53603e+009
10240	971	1	0	-1.53603e+009
10250	971	0	0	-1.53603e+009
10260	973	3	1	-1.53603e+009
10270	975	2	0	-1.53603e+009
10280	976	2	1	-1.53603e+009
10290	973	1	4	-1.53603e+009
10300	975	2	0	-1.53603e+009
10310	978	4	1	-1.53603e+009
10320	981	3	0	-1.53603e+009
10330	984	3	0	-1.53603e+009
10340	985	2	1	-1.53603e+009
10350	985	0	0	-1.53603e+009
10360	986	1	0	-1.53603e+009
10370	987	1	0	-1.53603e+009
10380	989	2	0	-1.53603e+009
10390	990	1	0	-1.53603e+009
10400	990	2	2	-1.53603e+009
10410	992	2	0	-1.53603e+009
10420	992	0	0	-1.53603e+009
10430	991	0	1	-1.53603e+009
10440	991	1	1	-1.53603e+009
10450	994	3	0	-1.53603e+009
10460	995	1	0	-1.53603e+009
10470	996	1	0	-1.53603e+009
10480	998	2	0	-1.53603e+009
10490	999	3	2	-1.53603e+009
10500	999	0	0	-1.53603e+009
10510	1002	3	0	-1.53603e+009
10520	1003	1	0	-1.53603e+009
10530	1004	2	1	-1.53603e+009
10540	1007	3	0	-1.53603e+009
10550	1013	6	0	-1.53603e+009
10560	1013	1	1	-1.53603e+009
10570	1014	2	1	-1.53603e+009
10580	1017	3	0	-1.53603e+009
10590	1021	4	0	-1.53603e+009
10600	1023	2	0	-1.53603e+009
10610	1023	0	0	-1.53603e+009
10620	1022	0	1	-1.53603e+009
10630	1024	2	0	-1.53603e+009
10640	1024	0	0	-1.53603e+009
10650	1025	3	2	-1.53603e+009
10660	1024	2	3	-1.53603e+009
10670	1027	3	0	-1.53603e+009
10680	1028	1	0	-1.53603e+009
10690	1032	4	0	-1.53603e+009
10700	1034	2	0	-1.53603e+009
10710	1034	0	0	-1.53603e+009
10720	1032	0	2	-1.53603e+009
10730	1035	5	2	-1.53603e+009
10740	1038	3	0	-1.53603e+009
10750	1041	5	2	-1.53603e+009
10760	1042	1	0	-1.53603e+009
10770	1046	4	0	-1.53603e+009
10780	1047	1	0	-1.53603e+009
10790	1048	2	1	-1.53603e+009
10800	1048	0	0	-1.53603e+009
10810	1047	1	2	-1.53603e+009
10820	1050	5	2	-1.53603e+009
10830	1048	0	2	-1.53603e+009
10840	1051	4	1	-1.53603e+009
10850	1053	2	0	-1.53603e+009
10860	1054	1	0	-1.53603e+009
10870	1055	1	0	-1.53603e+009
10880	1056	2	1	-1.53603e+009
10890	1057	1	0	-1.53603e+009
10900	1058	1	0	-1.53603e+009
10910	1059	1	0	-1.53603e+009
10920	1061	2	0	-1.53603e+009
10930	1060	0	1	-1.53603e+009
10940	1064	4	0	-1.53603e+009
10950	1064	0	0	-1.53603e+009
10960	1065	1	0	-1.53603e+009
10970	1065	1	1	-1.53603e+009
10980	1066	1	0	-1.53603e+009
10990	1068	2	0	-1.53603e+009
11000	1068	1	1	-1.53603e+009
11010	1069	1	0	-1.53603e+009
11020	1067	1	3	-1.53603e+009
11030	1068	1	0	-1.53603e+009
11040	1069	1	0	-1.53603e+009
11050	1069	2	2	-1.53603e+009
11060	1072	3	0	-1.53603e+009
11070	1072	0	0	-1.53603e+009
11080	1073	2	1	-1.53603e+009
11090	1076	3	0	-1.53603e+009
11100	1076	0	0	-1.53603e+009
11110	1079	3	0	-1.53603e+009
11120	1081	3	1	-1.53603e+009
11130	1082	1	0	-1.53603e+009
11140	1082	0	0	-1.53603e+009
11150	1083	2	1	-1.53603e+009
11160	1083	1	1	-1.53603e+009
11170	1084	2	1	-1.53603e+009
11180	1087	4	1	-1.53603e+009
11190	1089	2	0	-1.53603e+009
11200	1095	7	1	-1.53603e+009
11210	1094	1	2	-1.53603e+009
11220	1094	0	0	-1.53603e+009
11230	1094	2	2	-1.53603e+009
11240	1096	2	0	-1.53603e+009
11250	1094	0	2	-1.53603e+009
11260	1096	2	0	-1.53603e+009
11270	1096	1	1	-1.53603e+009
11280	1097	1	0	-1.53603e+009
11290	1099	2	0	-1.53603e+009
11300	1098	1	2	-1.53603e+009
11310	1099	1	0	-1.53603e+009
11320	1104	6	1	-1.53603e+009
11330	1106	2	0	-1.53603e+009
11340	1107	2	1	-1.53603e+009
11350	1109	4	2	-1.53603e+009
11360	1110	1	0	-1.53603e+009
11370	1112	3	1	-1.53603e+009
11380	1113	3	2	-1.53603e+009
11390	1117	4	0	-1.53603e+009
11400	1117	0	0	-1.53603e+009
11410	1120	3	0	-1.53603e+009
11420	1122	3	1	-1.53603e+009
11430	1123	1	0	-1.53603e+009
11440	1123	0	0	-1.53603e+009
11450	1129	7	1	-1.53603e+009
11460	1128	0	1	-1.53603e+009
11470	1131	3	0	-1.53603e+009
11480	1133	2	0	-1.53603e+009
11490	1138	5	0	-1.53603e+009
11500	1139	2	1	-1.53603e+009
11510	1144	5	0	-1.53603e+009
11520	1146	2	0	-1.53603e+009
11530	1149	3	0	-1.53603e+009
11540	1149	1	1	-1.53603e+009
11550	1150	1	0	-1.53603e+009
11560	1154	4	0	-1.53603e+009
11570	1153	1	2	-1.53603e+009
11580	1152	0	1	-1.53603e+009
11590	1154	3	1	-1.53603e+009
11600	1156	2	0	-1.53603e+009
11610	1156	0	0	-1.53603e+009
11620	1154	1	3	-1.53603e+009
11630	1159	6	1	-1.53603e+009
11640	1159	0	0	-1.53603e+009
11650	1161	2	0	-1.53603e+009
11660	1166	7	2	-1.53603e+009
11670	1168	2	0	-1.53603e+009
11680	1172	4	0	-1.53603e+009
11690	1176	4	0	-1.53603e+009
11700	1177	1	0	-1.53603e+009
11710	1179	2	0	-1.53603e+009
11720	1181	2	0	-1.53603e+009
11730	1184	3	0	-1.53603e+009
11740	1184	2	2	-1.53603e+009
11750	1186	4	2	-1.53603e+009
11760	1187	1	0	-1.53603e+009
11770	1189	3	1	-1.53603e+009
11780	1192	3	0	-1.53603e+009
11790	1196	4	0	-1.53603e+009
11800	1198	2	0	-1.53603e+009
11810	1200	2	0	-1.53603e+009
11820	1204	4	0	-1.53603e+009
11830	1206	4	2	-1.53603e+009
11840	1210	4	0	-1.53603e+009
11850	1213	3	0	-1.53603e+009
11860	1219	7	1	-1.53603e+009
11870	1221	2	0	-1.53603e+009
11880	1222	1	0	-1.53603e+009
11890	1224	2	0	-1.53603e+009
11900	1228	4	0	-1.53603e+009
11910	1228	1	1	-1.53603e+009
11920	1229	2	1	-1.53603e+009
11930	1233	5	1	-1.53603e+009
11940	1233	0	0	-1.53603e+009
11950	1234	1	0	-1.53603e+009
11960	1236	3	1	-1.53603e+009
11970	1237	2	1	-1.53603e+009
11980	1237	2	2	-1.53603e+009
11990	1238	1	0	-1.53603e+009
12000	1239	1	0	-1.53603e+009
12010	1240	2	1	-1.53603e+009
12020	1244	4	0	-1.53603e+009
12030	1246	2	0	-1.53603e+009
12040	1247	4	3	-1.53603e+009
12050	1250	3	0	-1.53603e+009
12060	1249	0	1	-1.53603e+009
12070	1251	2	0	-1.53603e+009
12080	1255	4	0	-1.53603e+009
12090	1255	0	0	-1.53603e+009
12100	1256	1	0	-1.53603e+009
12110	1262	6	0	-1.53603e+009
12120	1262	0	0	-1.53603e+009
12130	1268	6	0	-1.53603e+009
12140	1266	1	3	-1.53603e+009
12150	1266	0	0	-1.53603e+009
12160	1267	1	0	-1.53603e+009
12170	1270	3	0	-1.53603e+009
12180	1270	0	0	-1.53603e+009
12190	1271	1	0	-1.53603e+009
12200	1273	3	1	-1.53603e+009
12210	1278	5	0	-1.53603e+009
12220	1282	4	0	-1.53603e+009
12230	1285	4	1	-1.53603e+009
12240	1287	2	0	-1.53603e+009
12250	1288	1	0	-1.53603e+009
12260	1290	3	1	-1.53603e+009
12270	1291	1	0	-1.53603e+009
12280	1295	4	0	-1.53603e+009
12290	1297	4	2	-1.53603e+009
12300	1302	5	0	-1.53603e+009
12310	1305	4	1	-1.53603e+009
12320	1307	3	1	-1.53603e+009
12330	1309	2	0	-1.53603e+009
12340	1313	5	1	-1.53603e+009
12350	1313	2	2	-1.53603e+009
12360	1313	0	0	-1.53603e+009
12370	1317	4	0	-1.53603e+009
12380	1318	1	0	-1.53603e+009
12390	1321	3	0	-1.53603e+009
12400	1321	0	0	-1.53603e+009
12410	1325	4	0	-1.53603e+009
12420	1326	1	0	-1.53603e+009
12430	1328	2	0	-1.53603e+009
12440	1328	1	1	-1.53603e+009
12450	1328	0	0	-1.53603e+009
12460	1329	3	2	-1.53603e+009
12470	1331	2	0	-1.53603e+009
12480	1331	0	0	-1.53603e+009
12490	1335	5	1	-1.53603e+009
12500	1336	1	0	-1.53603e+009
12510	1336	1	1	-1.53603e+009
12520	1339	3	0	-1.53603e+009
12530	1339	1	1	-1.53603e+009
12540	1339	1	1	-1.53603e+009
12550	1341	2	0	-1.53603e+009
12560	1342	1	0	-1.53603e+009
12570	1344	2	0	-1.53603e+009
12580	1345	1	0	-1.53603e+009
12590	1347	2	0	-1.53603e+009
12600	1348	1	0	-1.53603e+009
12610	1352	4	0	-1.53603e+009
12620	1350	0	2	-1.53603e+009
12630	1351	1	0	-1.53603e+009
12640	1354	3	0	-1.53603e+009
12650	1359	5	0	-1.53603e+009
12660	1360	1	0	-1.53603e+009
12670	1362	3	1	-1.53603e+009
12680	1366	4	0	-1.53603e+009
12690	1365	1	2	-1.53603e+009
12700	1366	2	1	-1.53603e+009
12710	1366	0	0	-1.53603e+009
12720	1366	0	0	-1.53603e+009
12730	1368	2	0	-1.53603e+009
12740	1371	3	0	-1.53603e+009
12750	1374	3	0	-1.53603e+009
12760	1377	3	0	-1.53603e+009
12770	1380	4	1	-1.53603e+009
12780	1381	1	0	-1.53603e+009
12790	1382	2	1	-1.53603e+009
12800	1384	2	0	-1.53603e+009
12810	1385	1	0	-1.53603e+009
12820	1391	6	0	-1.53603e+009
12830	1394	6	3	-1.53603e+009
12840	1395	1	0	-1.53603e+009
12850	1397	4	2	-1.53603e+009
12860	1398	1	0	-1.53603e+009
12870	1400	2	0	-1.53603e+009
12880	1404	4	0	-1.53603e+009
12890	1409	5	0	-1.53603e+009
12900	1409	0	0	-1.53603e+009
12910	1409	1	1	-1.53603e+009
12920	1413	4	0	-1.53603e+009
12930	1413	1	1	-1.53603e+009
12940	1416	4	1	-1.53603e+009
12950	1417	1	0	-1.53603e+009
12960	1417	0	0	-1.53603e+009
12970	1420	3	0	-1.53603e+009
12980	1428	8	0	-1.53603e+009
12990	1429	1	0	-1.53603e+009
13000	1431	2	0	-1.53603e+009
13010	1434	3	0	-1.53603e+009
13020	1439	5	0	-1.53603e+009
13030	1440	3	2	-1.53603e+009
13040	1440	1	1	-1.53603e+009
13050	1440	0	0	-1.53603e+009
13060	1444	5	1	-1.53603e+009
13070	1445	1	0	-1.53603e+009
13080	1445	0	0	-1.53603e+009
13090	1449	4	0	-1.53603e+009
13100	1450	1	0	-1.53603e+009
13110	1452	2	0	-1.53603e+009
13120	1457	5	0	-1.53603e+009
13130	1460	3	0	-1.53603e+009
13140	1460	0	0	-1.53603e+009
13150	1463	4	1	-1.53603e+009
13160	1463	2	2	-1.53603e+009
13170	1464	2	1	-1.53603e+009
13180	1468	4	0	-1.53603e+009
13190	1471	3	0	-1.53603e+009
13200	1472	2	1	-1.53603e+009
13210	1473	1	0	-1.53603e+009
13220	1476	5	2	-1.53603e+009
13230	1476	0	0	-1.53603e+009
13240	1478	3	1	-1.53603e+009
13250	1474	0	4	-1.53603e+009
13260	1473	1	2	-1.53603e+009
13270	1477	4	0	-1.53603e+009
13280	1477	1	1	-1.53603e+009
13290	1478	1	0	-1.53603e+009
13300	1479	5	4	-1.53603e+009
13310	1482	3	0	-1.53603e+009
13320	1482	1	1	-1.53603e+009
13330	1486	4	0	-1.53603e+009
13340	1490	4	0	-1.53603e+009
13350	1494	4	0	-1.53603e+009
13360	1499	5	0	-1.53603e+009
13370	1502	4	1	-1.53603e+009
13380	1502	2	2	-1.53603e+009
13390	1504	2	0	-1.53603e+009
13400	1509	6	1	-1.53603e+009
13410	1515	6	0	-1.53603e+009
13420	1516	2	1	-1.53603e+009
13430	1518	4	2	-1.53603e+009
13440	1520	2	0	-1.53603e+009
13450	1520	0	0	-1.53603e+009
13460	1528	8	0	-1.53603e+009
13470	1533	5	0	-1.53603e+009
13480	1537	4	0	-1.53603e+009
13490	1543	6	0	-1.53603e+009
13500	1544	1	0	-1.53603e+009
13510	1546	5	3	-1.53603e+009
13520	1546	0	0	-1.53603e+009
13530	1545	0	1	-1.53603e+009
13540	1548	3	0	-1.53603e+009
13550	1549	1	0	-1.53603e+009
13560	1550	1	0	-1.53603e+009
13570	1551	3	2	-1.53603e+009
13580	1556	5	0	-1.53603e+009
13590	1556	0	0	-1.53603e+009
13600	1557	3	2	-1.53603e+009
13610	1562	6	1	-1.53603e+009
13620	1565	3	0	-1.53603e+009
13630	1568	4	1	-1.53603e+009
13640	1568	1	1	-1.53603e+009
13650	1571	3	0	-1.53603e+009
13660	1575	4	0	-1.53603e+009
13670	1574	1	2	-1.53603e+009
13680	1575	1	0	-1.53603e+009
13690	1583	8	0	-1.53603e+009
13700	1587	5	1	-1.53603e+009
13710	1587	0	0	-1.53603e+009
13720	1590	4	1	-1.53603e+009
13730	1593	3	0	-1.53603e+009
13740	1596	3	0	-1.53603e+009
13750	1601	6	1	-1.53603e+009
13760	1606	6	1	-1.53603e+009
13770	1608	3	1	-1.53603e+009
13780	1611	3	0	-1.53603e+009
13790	1615	4	0	-1.53603e+009
13800	1616	3	2	-1.53603e+009
13810	1616	1	1	-1.53603e+009
13820	1618	2	0	-1.53603e+009
13830	1620	2	0	-1.53603e+009
13840	1626	6	0	-1.53603e+009
13850	1628	2	0	-1.53603e+009
13860	1628	0	0	-1.53603e+009
13870	1631	4	1	-1.53603e+009
13880	1636	6	1	-1.53603e+009
13890	1639	3	0	-1.53603e+009
13900	1640	2	1	-1.53603e+009
13910	1645	6	1	-1.53603e+009
13920	1646	1	0	-1.53603e+009
13930	1649	4	1	-1.53603e+009
13940	1653	4	0	-1.53603e+009
13950	1656	3	0	-1.53603e+009
13960	1655	4	5	-1.53603e+009
13970	1657	3	1	-1.53603e+009
13980	1660	5	2	-1.53603e+009
13990	1661	2	1	-1.53603e+009
14000	1667	6	0	-1.53603e+009
14010	1669	2	0	-1.53603e+009
14020	1672	4	1	-1.53603e+009
14030	1676	5	1	-1.53603e+009
14040	1674	0	2	-1.53603e+009
14050	1678	5	1	-1.53603e+009
14060	1680	2	0	-1.53603e+009
14070	1682	2	0	-1.53603e+009
14080	1688	7	1	-1.53603e+009
14090	1689	3	2	-1.53603e+009
14100	1691	2	0	-1.53603e+009
14110	1696	6	1	-1.53603e+009
14120	1698	3	1	-1.53603e+009
14130	1697	1	2	-1.53603e+009
14140	1702	5	0	-1.53603e+009
14150	1704	4	2	-1.53603e+009
14160	1705	1	0	-1.53603e+009
14170	1706	3	2	-1.53603e+009
14180	1709	5	2	-1.53603e+009
14190	1711	2	0	-1.53603e+009
14200	1716	7	2	-1.53603e+009
14210	1718	3	1	-1.53603e+009
14220	1720	2	0	-1.53603e+009
14230	1721	2	1	-1.53603e+009
14240	1725	4	0	-1.53603e+009
14250	1729	4	0	-1.53603e+009
14260	1731	2	0	-1.53603e+009
14270	1737	7	1	-1.53603e+009
14280	1736	0	1	-1.53603e+009
14290	1743	8	1	-1.53603e+009
14300	1747	4	0	-1.53603e+009
14310	1751	4	0	-1.53603e+009
14320	1755	4	0	-1.53603e+009
14330	1760	6	1	-1.53603e+009
14340	1760	0	0	-1.53603e+009
14350	1762	3	1	-1.53603e+009
14360	1771	9	0	-1.53603e+009
14370	1772	4	3	-1.53603e+009
14380	1772	1	1	-1.53603e+009
14390	1778	8	2	-1.53603e+009
14400	1780	2	0	-1.53603e+009
14400	1783	3	0	-1.53603e+009
